0,1454,1468,1458
1,1448,1454,1458
2,1461,1448,1458
3,1468,1461,1458
4,1429,1454,1440
5,1421,1429,1440
6,1448,1421,1440
7,1454,1448,1440
8,1380,1429,1398
9,1373,1380,1398
10,1421,1373,1398
11,1429,1421,1398
12,1327,1380,1349
13,1319,1327,1349
14,1373,1319,1349
15,1380,1373,1349
16,1448,1461,1460
17,1456,1448,1460
18,1471,1456,1460
19,1461,1471,1460
20,1421,1448,1442
21,1433,1421,1442
22,1456,1433,1442
23,1448,1456,1442
24,1373,1421,1400
25,1382,1373,1400
26,1433,1382,1400
27,1421,1433,1400
28,1319,1373,1351
29,1329,1319,1351
30,1382,1329,1351
31,1373,1382,1351
32,1264,1327,1289
33,1258,1264,1289
34,1319,1258,1289
35,1327,1319,1289
36,1192,1264,1228
37,1188,1192,1228
38,1258,1188,1228
39,1264,1258,1228
40,1100,1192,1157
41,1098,1100,1157
42,1188,1098,1157
43,1192,1188,1157
44,922,1100,1006
45,928,922,1006
46,1098,928,1006
47,1100,1098,1006
48,1258,1319,1291
49,1266,1258,1291
50,1329,1266,1291
51,1319,1329,1291
52,1188,1258,1230
53,1194,1188,1230
54,1266,1194,1230
55,1258,1266,1230
56,1098,1188,1159
57,1102,1098,1159
58,1194,1102,1159
59,1188,1194,1159
60,928,1098,1008
61,933,928,1008
62,1102,933,1008
63,1098,1102,1008
64,1456,1471,1475
65,1481,1456,1475
66,1482,1481,1475
67,1471,1482,1475
68,1433,1456,1450
69,1444,1433,1450
70,1481,1444,1450
71,1456,1481,1450
72,1382,1433,1412
73,1392,1382,1412
74,1444,1392,1412
75,1433,1444,1412
76,1329,1382,1357
77,1331,1329,1357
78,1392,1331,1357
79,1382,1392,1357
80,1481,1482,1490
81,1500,1481,1490
82,1502,1500,1490
83,1482,1502,1490
84,1444,1481,1470
85,1465,1444,1470
86,1500,1465,1470
87,1481,1500,1470
88,1392,1444,1431
89,1410,1392,1431
90,1465,1410,1431
91,1444,1465,1431
92,1331,1392,1371
93,1345,1331,1371
94,1410,1345,1371
95,1392,1410,1371
96,1266,1329,1297
97,1276,1266,1297
98,1331,1276,1297
99,1329,1331,1297
100,1194,1266,1232
101,1200,1194,1232
102,1276,1200,1232
103,1266,1276,1232
104,1102,1194,1163
105,1106,1102,1163
106,1200,1106,1163
107,1194,1200,1163
108,933,1102,1016
109,929,933,1016
110,1106,929,1016
111,1102,1106,1016
112,1276,1331,1307
113,1283,1276,1307
114,1345,1283,1307
115,1331,1345,1307
116,1200,1276,1238
117,1210,1200,1238
118,1283,1210,1238
119,1276,1283,1238
120,1106,1200,1167
121,1116,1106,1167
122,1210,1116,1167
123,1200,1210,1167
124,929,1106,1022
125,923,929,1022
126,1116,923,1022
127,1106,1116,1022
128,755,922,849
129,757,755,849
130,928,757,849
131,922,928,849
132,663,755,698
133,667,663,698
134,757,667,698
135,755,757,698
136,591,663,627
137,597,591,627
138,667,597,627
139,663,667,627
140,528,591,566
141,536,528,566
142,597,536,566
143,591,597,566
144,757,928,847
145,753,757,847
146,933,753,847
147,928,933,847
148,667,757,696
149,661,667,696
150,753,661,696
151,757,753,696
152,597,667,625
153,589,597,625
154,661,589,625
155,667,661,625
156,536,597,564
157,526,536,564
158,589,526,564
159,597,589,564
160,475,528,506
161,482,475,506
162,536,482,506
163,528,536,506
164,426,475,457
165,434,426,457
166,482,434,457
167,475,482,457
168,401,426,415
169,407,401,415
170,434,407,415
171,426,434,415
172,386,401,397
173,393,386,397
174,407,393,397
175,401,407,397
176,482,536,504
177,473,482,504
178,526,473,504
179,536,526,504
180,434,482,455
181,422,434,455
182,473,422,455
183,482,473,455
184,407,434,413
185,399,407,413
186,422,399,413
187,434,422,413
188,393,407,395
189,383,393,395
190,399,383,395
191,407,399,395
192,753,933,839
193,749,753,839
194,929,749,839
195,933,929,839
196,661,753,692
197,655,661,692
198,749,655,692
199,753,749,692
200,589,661,623
201,579,589,623
202,655,579,623
203,661,655,623
204,526,589,558
205,524,526,558
206,579,524,558
207,589,579,558
208,749,929,833
209,741,749,833
210,923,741,833
211,929,923,833
212,655,749,688
213,647,655,688
214,741,647,688
215,749,741,688
216,579,655,617
217,574,579,617
218,647,574,617
219,655,647,617
220,524,579,548
221,512,524,548
222,574,512,548
223,579,574,548
224,473,526,498
225,463,473,498
226,524,463,498
227,526,524,498
228,422,473,443
229,411,422,443
230,463,411,443
231,473,463,443
232,399,422,405
233,374,399,405
234,411,374,405
235,422,411,405
236,383,399,380
237,372,383,380
238,374,372,380
239,399,374,380
240,463,524,484
241,447,463,484
242,512,447,484
243,524,512,484
244,411,463,424
245,392,411,424
246,447,392,424
247,463,447,424
248,374,411,385
249,357,374,385
250,392,357,385
251,411,392,385
252,372,374,365
253,353,372,365
254,357,353,365
255,374,357,365
256,400,386,396
257,406,400,396
258,393,406,396
259,386,393,396
260,425,400,414
261,433,425,414
262,406,433,414
263,400,406,414
264,474,425,456
265,481,474,456
266,433,481,456
267,425,433,456
268,527,474,505
269,535,527,505
270,481,535,505
271,474,481,505
272,406,393,394
273,398,406,394
274,383,398,394
275,393,383,394
276,433,406,412
277,421,433,412
278,398,421,412
279,406,398,412
280,481,433,454
281,472,481,454
282,421,472,454
283,433,421,454
284,535,481,503
285,525,535,503
286,472,525,503
287,481,472,503
288,590,527,565
289,596,590,565
290,535,596,565
291,527,535,565
292,662,590,626
293,666,662,626
294,596,666,626
295,590,596,626
296,754,662,697
297,756,754,697
298,666,756,697
299,662,666,697
300,919,754,848
301,927,919,848
302,756,927,848
303,754,756,848
304,596,535,563
305,588,596,563
306,525,588,563
307,535,525,563
308,666,596,624
309,660,666,624
310,588,660,624
311,596,588,624
312,756,666,695
313,752,756,695
314,660,752,695
315,666,660,695
316,927,756,846
317,932,927,846
318,752,932,846
319,756,752,846
320,398,383,379
321,373,398,379
322,372,373,379
323,383,372,379
324,421,398,404
325,410,421,404
326,373,410,404
327,398,373,404
328,472,421,442
329,462,472,442
330,410,462,442
331,421,410,442
332,525,472,497
333,523,525,497
334,462,523,497
335,472,462,497
336,373,372,364
337,356,373,364
338,353,356,364
339,372,353,364
340,410,373,384
341,391,410,384
342,356,391,384
343,373,356,384
344,462,410,423
345,446,462,423
346,391,446,423
347,410,391,423
348,523,462,483
349,511,523,483
350,446,511,483
351,462,446,483
352,588,525,557
353,578,588,557
354,523,578,557
355,525,523,557
356,660,588,622
357,654,660,622
358,578,654,622
359,588,578,622
360,752,660,691
361,748,752,691
362,654,748,691
363,660,654,691
364,932,752,838
365,926,932,838
366,748,926,838
367,752,748,838
368,578,523,547
369,573,578,547
370,511,573,547
371,523,511,547
372,654,578,616
373,646,654,616
374,573,646,616
375,578,573,616
376,748,654,687
377,740,748,687
378,646,740,687
379,654,646,687
380,926,748,832
381,918,926,832
382,740,918,832
383,748,740,832
384,1099,919,1005
385,1097,1099,1005
386,927,1097,1005
387,919,927,1005
388,1191,1099,1156
389,1187,1191,1156
390,1097,1187,1156
391,1099,1097,1156
392,1263,1191,1227
393,1257,1263,1227
394,1187,1257,1227
395,1191,1187,1227
396,1326,1263,1288
397,1318,1326,1288
398,1257,1318,1288
399,1263,1257,1288
400,1097,927,1007
401,1101,1097,1007
402,932,1101,1007
403,927,932,1007
404,1187,1097,1158
405,1193,1187,1158
406,1101,1193,1158
407,1097,1101,1158
408,1257,1187,1229
409,1265,1257,1229
410,1193,1265,1229
411,1187,1193,1229
412,1318,1257,1290
413,1328,1318,1290
414,1265,1328,1290
415,1257,1265,1290
416,1379,1326,1348
417,1372,1379,1348
418,1318,1372,1348
419,1326,1318,1348
420,1428,1379,1397
421,1420,1428,1397
422,1372,1420,1397
423,1379,1372,1397
424,1453,1428,1439
425,1447,1453,1439
426,1420,1447,1439
427,1428,1420,1439
428,1468,1453,1457
429,1461,1468,1457
430,1447,1461,1457
431,1453,1447,1457
432,1372,1318,1350
433,1381,1372,1350
434,1328,1381,1350
435,1318,1328,1350
436,1420,1372,1399
437,1432,1420,1399
438,1381,1432,1399
439,1372,1381,1399
440,1447,1420,1441
441,1455,1447,1441
442,1432,1455,1441
443,1420,1432,1441
444,1461,1447,1459
445,1471,1461,1459
446,1455,1471,1459
447,1447,1455,1459
448,1101,932,1015
449,1105,1101,1015
450,926,1105,1015
451,932,926,1015
452,1193,1101,1162
453,1199,1193,1162
454,1105,1199,1162
455,1101,1105,1162
456,1265,1193,1231
457,1275,1265,1231
458,1199,1275,1231
459,1193,1199,1231
460,1328,1265,1296
461,1330,1328,1296
462,1275,1330,1296
463,1265,1275,1296
464,1105,926,1021
465,1115,1105,1021
466,918,1115,1021
467,926,918,1021
468,1199,1105,1166
469,1209,1199,1166
470,1115,1209,1166
471,1105,1115,1166
472,1275,1199,1237
473,1282,1275,1237
474,1209,1282,1237
475,1199,1209,1237
476,1330,1275,1306
477,1344,1330,1306
478,1282,1344,1306
479,1275,1282,1306
480,1381,1328,1356
481,1391,1381,1356
482,1330,1391,1356
483,1328,1330,1356
484,1432,1381,1411
485,1443,1432,1411
486,1391,1443,1411
487,1381,1391,1411
488,1455,1432,1449
489,1480,1455,1449
490,1443,1480,1449
491,1432,1443,1449
492,1471,1455,1474
493,1482,1471,1474
494,1480,1482,1474
495,1455,1480,1474
496,1391,1330,1370
497,1409,1391,1370
498,1344,1409,1370
499,1330,1344,1370
500,1443,1391,1430
501,1464,1443,1430
502,1409,1464,1430
503,1391,1409,1430
504,1480,1443,1469
505,1499,1480,1469
506,1464,1499,1469
507,1443,1464,1469
508,1482,1480,1489
509,1502,1482,1489
510,1499,1502,1489
511,1480,1499,1489
512,1500,1502,1533
513,1572,1500,1533
514,1585,1572,1533
515,1502,1585,1533
516,1465,1500,1519
517,1555,1465,1519
518,1572,1555,1519
519,1500,1572,1519
520,1410,1465,1496
521,1510,1410,1496
522,1555,1510,1496
523,1465,1555,1496
524,1345,1410,1427
525,1436,1345,1427
526,1510,1436,1427
527,1410,1510,1427
528,1283,1345,1341
529,1333,1283,1341
530,1436,1333,1341
531,1345,1436,1341
532,1210,1283,1270
533,1242,1210,1270
534,1333,1242,1270
535,1283,1333,1270
536,1116,1210,1184
537,1143,1116,1184
538,1242,1143,1184
539,1210,1242,1184
540,923,1116,1037
541,917,923,1037
542,1143,917,1037
543,1116,1143,1037
544,1572,1585,1599
545,1611,1572,1599
546,1622,1611,1599
547,1585,1622,1599
548,1555,1572,1574
549,1570,1555,1574
550,1611,1570,1574
551,1572,1611,1574
552,1510,1555,1537
553,1527,1510,1537
554,1570,1527,1537
555,1555,1570,1537
556,1436,1510,1494
557,1467,1436,1494
558,1527,1467,1494
559,1510,1527,1494
560,1611,1622,1624
561,1626,1611,1624
562,1633,1626,1624
563,1622,1633,1624
564,1570,1611,1601
565,1589,1570,1601
566,1626,1589,1601
567,1611,1626,1601
568,1527,1570,1561
569,1535,1527,1561
570,1589,1535,1561
571,1570,1589,1561
572,1467,1527,1508
573,1479,1467,1508
574,1535,1479,1508
575,1527,1535,1508
576,1333,1436,1394
577,1359,1333,1394
578,1467,1359,1394
579,1436,1467,1394
580,1242,1333,1299
581,1254,1242,1299
582,1359,1254,1299
583,1333,1359,1299
584,1143,1242,1198
585,1149,1143,1198
586,1254,1149,1198
587,1242,1254,1198
588,917,1143,1057
589,915,917,1057
590,1149,915,1057
591,1143,1149,1057
592,1359,1467,1414
593,1367,1359,1414
594,1479,1367,1414
595,1467,1479,1414
596,1254,1359,1311
597,1262,1254,1311
598,1367,1262,1311
599,1359,1367,1311
600,1149,1254,1212
601,1155,1149,1212
602,1262,1155,1212
603,1254,1262,1212
604,915,1149,1065
605,913,915,1065
606,1155,913,1065
607,1149,1155,1065
608,741,923,818
609,712,741,818
610,917,712,818
611,923,917,818
612,647,741,671
613,613,647,671
614,712,613,671
615,741,712,671
616,574,647,585
617,522,574,585
618,613,522,585
619,647,613,585
620,512,574,514
621,419,512,514
622,522,419,514
623,574,522,514
624,447,512,428
625,342,447,428
626,419,342,428
627,512,419,428
628,392,447,359
629,308,392,359
630,342,308,359
631,447,342,359
632,357,392,329
633,291,357,329
634,308,291,329
635,392,308,329
636,353,357,314
637,275,353,314
638,291,275,314
639,357,291,314
640,712,917,798
641,706,712,798
642,915,706,798
643,917,915,798
644,613,712,657
645,601,613,657
646,706,601,657
647,712,706,657
648,522,613,556
649,496,522,556
650,601,496,556
651,613,601,556
652,419,522,461
653,388,419,461
654,496,388,461
655,522,496,461
656,706,915,790
657,700,706,790
658,913,700,790
659,915,913,790
660,601,706,643
661,593,601,643
662,700,593,643
663,706,700,643
664,496,601,544
665,488,496,544
666,593,488,544
667,601,593,544
668,388,496,441
669,376,388,441
670,488,376,441
671,496,488,441
672,342,419,361
673,320,342,361
674,388,320,361
675,419,388,361
676,308,342,310
677,293,308,310
678,320,293,310
679,342,320,310
680,291,308,289
681,257,291,289
682,293,257,289
683,308,293,289
684,275,291,270
685,246,275,270
686,257,246,270
687,291,257,270
688,320,388,344
689,312,320,344
690,376,312,344
691,388,376,344
692,293,320,302
693,274,293,302
694,312,274,302
695,320,312,302
696,257,293,268
697,243,257,268
698,274,243,268
699,293,274,268
700,246,257,245
701,232,246,245
702,243,232,245
703,257,243,245
704,356,353,313
705,290,356,313
706,275,290,313
707,353,275,313
708,391,356,328
709,307,391,328
710,290,307,328
711,356,290,328
712,446,391,358
713,341,446,358
714,307,341,358
715,391,307,358
716,511,446,427
717,418,511,427
718,341,418,427
719,446,341,427
720,573,511,513
721,521,573,513
722,418,521,513
723,511,418,513
724,646,573,584
725,612,646,584
726,521,612,584
727,573,521,584
728,740,646,670
729,711,740,670
730,612,711,670
731,646,612,670
732,918,740,817
733,916,918,817
734,711,916,817
735,740,711,817
736,290,275,269
737,256,290,269
738,246,256,269
739,275,246,269
740,307,290,288
741,292,307,288
742,256,292,288
743,290,256,288
744,341,307,309
745,319,341,309
746,292,319,309
747,307,292,309
748,418,341,360
749,387,418,360
750,319,387,360
751,341,319,360
752,256,246,244
753,242,256,244
754,232,242,244
755,246,232,244
756,292,256,267
757,273,292,267
758,242,273,267
759,256,242,267
760,319,292,301
761,311,319,301
762,273,311,301
763,292,273,301
764,387,319,343
765,375,387,343
766,311,375,343
767,319,311,343
768,521,418,460
769,495,521,460
770,387,495,460
771,418,387,460
772,612,521,555
773,600,612,555
774,495,600,555
775,521,495,555
776,711,612,656
777,705,711,656
778,600,705,656
779,612,600,656
780,916,711,797
781,914,916,797
782,705,914,797
783,711,705,797
784,495,387,440
785,487,495,440
786,375,487,440
787,387,375,440
788,600,495,543
789,592,600,543
790,487,592,543
791,495,487,543
792,705,600,642
793,699,705,642
794,592,699,642
795,600,592,642
796,914,705,789
797,912,914,789
798,699,912,789
799,705,699,789
800,1115,918,1036
801,1142,1115,1036
802,916,1142,1036
803,918,916,1036
804,1209,1115,1183
805,1241,1209,1183
806,1142,1241,1183
807,1115,1142,1183
808,1282,1209,1269
809,1332,1282,1269
810,1241,1332,1269
811,1209,1241,1269
812,1344,1282,1340
813,1435,1344,1340
814,1332,1435,1340
815,1282,1332,1340
816,1409,1344,1426
817,1509,1409,1426
818,1435,1509,1426
819,1344,1435,1426
820,1464,1409,1495
821,1554,1464,1495
822,1509,1554,1495
823,1409,1509,1495
824,1499,1464,1518
825,1571,1499,1518
826,1554,1571,1518
827,1464,1554,1518
828,1502,1499,1532
829,1585,1502,1532
830,1571,1585,1532
831,1499,1571,1532
832,1142,916,1056
833,1148,1142,1056
834,914,1148,1056
835,916,914,1056
836,1241,1142,1197
837,1253,1241,1197
838,1148,1253,1197
839,1142,1148,1197
840,1332,1241,1298
841,1358,1332,1298
842,1253,1358,1298
843,1241,1253,1298
844,1435,1332,1393
845,1466,1435,1393
846,1358,1466,1393
847,1332,1358,1393
848,1148,914,1064
849,1154,1148,1064
850,912,1154,1064
851,914,912,1064
852,1253,1148,1211
853,1261,1253,1211
854,1154,1261,1211
855,1148,1154,1211
856,1358,1253,1310
857,1366,1358,1310
858,1261,1366,1310
859,1253,1261,1310
860,1466,1358,1413
861,1478,1466,1413
862,1366,1478,1413
863,1358,1366,1413
864,1509,1435,1493
865,1526,1509,1493
866,1466,1526,1493
867,1435,1466,1493
868,1554,1509,1536
869,1569,1554,1536
870,1526,1569,1536
871,1509,1526,1536
872,1571,1554,1573
873,1610,1571,1573
874,1569,1610,1573
875,1554,1569,1573
876,1585,1571,1598
877,1622,1585,1598
878,1610,1622,1598
879,1571,1610,1598
880,1526,1466,1507
881,1534,1526,1507
882,1478,1534,1507
883,1466,1478,1507
884,1569,1526,1560
885,1588,1569,1560
886,1534,1588,1560
887,1526,1534,1560
888,1610,1569,1600
889,1625,1610,1600
890,1588,1625,1600
891,1569,1588,1600
892,1622,1610,1623
893,1633,1622,1623
894,1625,1633,1623
895,1610,1625,1623
896,1626,1633,1628
897,1621,1626,1628
898,1629,1621,1628
899,1633,1629,1628
900,1589,1626,1607
901,1584,1589,1607
902,1621,1584,1607
903,1626,1621,1607
904,1621,1629,1616
905,1603,1621,1616
906,1612,1603,1616
907,1629,1612,1616
908,1584,1621,1593
909,1568,1584,1593
910,1603,1568,1593
911,1621,1603,1593
912,1535,1589,1563
913,1529,1535,1563
914,1584,1529,1563
915,1589,1584,1563
916,1479,1535,1512
917,1473,1479,1512
918,1529,1473,1512
919,1535,1529,1512
920,1529,1584,1557
921,1521,1529,1557
922,1568,1521,1557
923,1584,1568,1557
924,1473,1529,1504
925,1452,1473,1504
926,1521,1452,1504
927,1529,1521,1504
928,1603,1612,1580
929,1559,1603,1580
930,1566,1559,1580
931,1612,1566,1580
932,1568,1603,1565
933,1525,1568,1565
934,1559,1525,1565
935,1603,1559,1565
936,1521,1568,1523
937,1484,1521,1523
938,1525,1484,1523
939,1568,1525,1523
940,1452,1521,1477
941,1406,1452,1477
942,1484,1406,1477
943,1521,1484,1477
944,1367,1479,1417
945,1361,1367,1417
946,1473,1361,1417
947,1479,1473,1417
948,1262,1367,1313
949,1260,1262,1313
950,1361,1260,1313
951,1367,1361,1313
952,1361,1473,1404
953,1355,1361,1404
954,1452,1355,1404
955,1473,1452,1404
956,1260,1361,1303
957,1248,1260,1303
958,1355,1248,1303
959,1361,1355,1303
960,1155,1262,1214
961,1151,1155,1214
962,1260,1151,1214
963,1262,1260,1214
964,913,1155,1067
965,911,913,1067
966,1151,911,1067
967,1155,1151,1067
968,1151,1260,1204
969,1147,1151,1204
970,1248,1147,1204
971,1260,1248,1204
972,911,1151,1062
973,909,911,1062
974,1147,909,1062
975,1151,1147,1062
976,1355,1452,1384
977,1323,1355,1384
978,1406,1323,1384
979,1452,1406,1384
980,1248,1355,1287
981,1236,1248,1287
982,1323,1236,1287
983,1355,1323,1287
984,1147,1248,1190
985,1135,1147,1190
986,1236,1135,1190
987,1248,1236,1190
988,909,1147,1051
989,907,909,1051
990,1135,907,1051
991,1147,1135,1051
992,1559,1566,1531
993,1514,1559,1531
994,1515,1514,1531
995,1566,1515,1531
996,1525,1559,1517
997,1486,1525,1517
998,1514,1486,1517
999,1559,1514,1517
1000,1484,1525,1488
1001,1438,1484,1488
1002,1486,1438,1488
1003,1525,1486,1488
1004,1406,1484,1425
1005,1363,1406,1425
1006,1438,1363,1425
1007,1484,1438,1425
1008,1514,1515,1506
1009,1498,1514,1506
1010,1501,1498,1506
1011,1515,1501,1506
1012,1486,1514,1492
1013,1463,1486,1492
1014,1498,1463,1492
1015,1514,1498,1492
1016,1438,1486,1446
1017,1408,1438,1446
1018,1463,1408,1446
1019,1486,1463,1446
1020,1363,1438,1386
1021,1343,1363,1386
1022,1408,1343,1386
1023,1438,1408,1386
1024,1323,1406,1337
1025,1293,1323,1337
1026,1363,1293,1337
1027,1406,1363,1337
1028,1236,1323,1268
1029,1220,1236,1268
1030,1293,1220,1268
1031,1323,1293,1268
1032,1135,1236,1182
1033,1122,1135,1182
1034,1220,1122,1182
1035,1236,1220,1182
1036,907,1135,1035
1037,905,907,1035
1038,1122,905,1035
1039,1135,1122,1035
1040,1293,1363,1317
1041,1281,1293,1317
1042,1343,1281,1317
1043,1363,1343,1317
1044,1220,1293,1246
1045,1208,1220,1246
1046,1281,1208,1246
1047,1293,1281,1246
1048,1122,1220,1172
1049,1114,1122,1172
1050,1208,1114,1172
1051,1220,1208,1172
1052,905,1122,1026
1053,903,905,1026
1054,1114,903,1026
1055,1122,1114,1026
1056,700,913,788
1057,704,700,788
1058,911,704,788
1059,913,911,788
1060,593,700,641
1061,595,593,641
1062,704,595,641
1063,700,704,641
1064,704,911,793
1065,708,704,793
1066,909,708,793
1067,911,909,793
1068,595,704,651
1069,607,595,651
1070,708,607,651
1071,704,708,651
1072,488,593,542
1073,494,488,542
1074,595,494,542
1075,593,595,542
1076,376,488,438
1077,382,376,438
1078,494,382,438
1079,488,494,438
1080,494,595,552
1081,500,494,552
1082,607,500,552
1083,595,607,552
1084,382,494,451
1085,403,382,451
1086,500,403,451
1087,494,500,451
1088,708,909,804
1089,718,708,804
1090,907,718,804
1091,909,907,804
1092,607,708,665
1093,619,607,665
1094,718,619,665
1095,708,718,665
1096,500,607,568
1097,532,500,568
1098,619,532,568
1099,607,619,568
1100,403,500,471
1101,449,403,471
1102,532,449,471
1103,500,532,471
1104,312,376,340
1105,318,312,340
1106,382,318,340
1107,376,382,340
1108,274,312,300
1109,285,274,300
1110,318,285,300
1111,312,318,300
1112,318,382,350
1113,327,318,350
1114,403,327,350
1115,382,403,350
1116,285,318,306
1117,295,285,306
1118,327,295,306
1119,318,327,306
1120,243,274,264
1121,250,243,264
1122,285,250,264
1123,274,285,264
1124,232,243,239
1125,237,232,239
1126,250,237,239
1127,243,250,239
1128,250,285,272
1129,266,250,272
1130,295,266,272
1131,285,295,272
1132,237,250,254
1133,255,237,254
1134,266,255,254
1135,250,266,254
1136,327,403,378
1137,371,327,378
1138,449,371,378
1139,403,449,378
1140,295,327,324
1141,322,295,324
1142,371,322,324
1143,327,371,324
1144,266,295,298
1145,304,266,298
1146,322,304,298
1147,295,322,298
1148,255,266,287
1149,296,255,287
1150,304,296,287
1151,266,304,287
1152,718,907,820
1153,733,718,820
1154,905,733,820
1155,907,905,820
1156,619,718,673
1157,635,619,673
1158,733,635,673
1159,718,733,673
1160,532,619,587
1161,562,532,587
1162,635,562,587
1163,619,635,587
1164,449,532,518
1165,492,449,518
1166,562,492,518
1167,532,562,518
1168,733,905,829
1169,739,733,829
1170,903,739,829
1171,905,903,829
1172,635,733,683
1173,645,635,683
1174,739,645,683
1175,733,739,683
1176,562,635,609
1177,572,562,609
1178,645,572,609
1179,635,645,609
1180,492,562,538
1181,510,492,538
1182,572,510,538
1183,562,572,538
1184,371,449,430
1185,417,371,430
1186,492,417,430
1187,449,492,430
1188,322,371,367
1189,369,322,367
1190,417,369,367
1191,371,417,367
1192,304,322,333
1193,338,304,333
1194,369,338,333
1195,322,369,333
1196,296,304,316
1197,334,296,316
1198,338,334,316
1199,304,338,316
1200,417,492,469
1201,445,417,469
1202,510,445,469
1203,492,510,469
1204,369,417,409
1205,390,369,409
1206,445,390,409
1207,417,445,409
1208,338,369,363
1209,355,338,363
1210,390,355,363
1211,369,390,363
1212,334,338,346
1213,351,334,346
1214,355,351,346
1215,338,355,346
1216,242,232,238
1217,249,242,238
1218,237,249,238
1219,232,237,238
1220,273,242,263
1221,284,273,263
1222,249,284,263
1223,242,249,263
1224,249,237,253
1225,265,249,253
1226,255,265,253
1227,237,255,253
1228,284,249,271
1229,294,284,271
1230,265,294,271
1231,249,265,271
1232,311,273,299
1233,317,311,299
1234,284,317,299
1235,273,284,299
1236,375,311,339
1237,381,375,339
1238,317,381,339
1239,311,317,339
1240,317,284,305
1241,326,317,305
1242,294,326,305
1243,284,294,305
1244,381,317,349
1245,402,381,349
1246,326,402,349
1247,317,326,349
1248,265,255,286
1249,303,265,286
1250,296,303,286
1251,255,296,286
1252,294,265,297
1253,321,294,297
1254,303,321,297
1255,265,303,297
1256,326,294,323
1257,370,326,323
1258,321,370,323
1259,294,321,323
1260,402,326,377
1261,448,402,377
1262,370,448,377
1263,326,370,377
1264,487,375,437
1265,493,487,437
1266,381,493,437
1267,375,381,437
1268,592,487,541
1269,594,592,541
1270,493,594,541
1271,487,493,541
1272,493,381,450
1273,499,493,450
1274,402,499,450
1275,381,402,450
1276,594,493,551
1277,606,594,551
1278,499,606,551
1279,493,499,551
1280,699,592,640
1281,703,699,640
1282,594,703,640
1283,592,594,640
1284,912,699,787
1285,910,912,787
1286,703,910,787
1287,699,703,787
1288,703,594,650
1289,707,703,650
1290,606,707,650
1291,594,606,650
1292,910,703,792
1293,908,910,792
1294,707,908,792
1295,703,707,792
1296,499,402,470
1297,531,499,470
1298,448,531,470
1299,402,448,470
1300,606,499,567
1301,618,606,567
1302,531,618,567
1303,499,531,567
1304,707,606,664
1305,719,707,664
1306,618,719,664
1307,606,618,664
1308,908,707,803
1309,906,908,803
1310,719,906,803
1311,707,719,803
1312,303,296,315
1313,337,303,315
1314,334,337,315
1315,296,334,315
1316,321,303,332
1317,368,321,332
1318,337,368,332
1319,303,337,332
1320,370,321,366
1321,416,370,366
1322,368,416,366
1323,321,368,366
1324,448,370,429
1325,491,448,429
1326,416,491,429
1327,370,416,429
1328,337,334,345
1329,354,337,345
1330,351,354,345
1331,334,351,345
1332,368,337,362
1333,389,368,362
1334,354,389,362
1335,337,354,362
1336,416,368,408
1337,444,416,408
1338,389,444,408
1339,368,389,408
1340,491,416,468
1341,509,491,468
1342,444,509,468
1343,416,444,468
1344,531,448,517
1345,561,531,517
1346,491,561,517
1347,448,491,517
1348,618,531,586
1349,634,618,586
1350,561,634,586
1351,531,561,586
1352,719,618,672
1353,732,719,672
1354,634,732,672
1355,618,634,672
1356,906,719,819
1357,904,906,819
1358,732,904,819
1359,719,732,819
1360,561,491,537
1361,571,561,537
1362,509,571,537
1363,491,509,537
1364,634,561,608
1365,644,634,608
1366,571,644,608
1367,561,571,608
1368,732,634,682
1369,738,732,682
1370,644,738,682
1371,634,644,682
1372,904,732,828
1373,902,904,828
1374,738,902,828
1375,732,738,828
1376,1154,912,1066
1377,1150,1154,1066
1378,910,1150,1066
1379,912,910,1066
1380,1261,1154,1213
1381,1259,1261,1213
1382,1150,1259,1213
1383,1154,1150,1213
1384,1150,910,1061
1385,1146,1150,1061
1386,908,1146,1061
1387,910,908,1061
1388,1259,1150,1203
1389,1247,1259,1203
1390,1146,1247,1203
1391,1150,1146,1203
1392,1366,1261,1312
1393,1360,1366,1312
1394,1259,1360,1312
1395,1261,1259,1312
1396,1478,1366,1416
1397,1472,1478,1416
1398,1360,1472,1416
1399,1366,1360,1416
1400,1360,1259,1302
1401,1354,1360,1302
1402,1247,1354,1302
1403,1259,1247,1302
1404,1472,1360,1403
1405,1451,1472,1403
1406,1354,1451,1403
1407,1360,1354,1403
1408,1146,908,1050
1409,1136,1146,1050
1410,906,1136,1050
1411,908,906,1050
1412,1247,1146,1189
1413,1235,1247,1189
1414,1136,1235,1189
1415,1146,1136,1189
1416,1354,1247,1286
1417,1322,1354,1286
1418,1235,1322,1286
1419,1247,1235,1286
1420,1451,1354,1383
1421,1405,1451,1383
1422,1322,1405,1383
1423,1354,1322,1383
1424,1534,1478,1511
1425,1528,1534,1511
1426,1472,1528,1511
1427,1478,1472,1511
1428,1588,1534,1562
1429,1583,1588,1562
1430,1528,1583,1562
1431,1534,1528,1562
1432,1528,1472,1503
1433,1520,1528,1503
1434,1451,1520,1503
1435,1472,1451,1503
1436,1583,1528,1556
1437,1567,1583,1556
1438,1520,1567,1556
1439,1528,1520,1556
1440,1625,1588,1606
1441,1620,1625,1606
1442,1583,1620,1606
1443,1588,1583,1606
1444,1633,1625,1627
1445,1629,1633,1627
1446,1620,1629,1627
1447,1625,1620,1627
1448,1620,1583,1592
1449,1602,1620,1592
1450,1567,1602,1592
1451,1583,1567,1592
1452,1629,1620,1615
1453,1612,1629,1615
1454,1602,1612,1615
1455,1620,1602,1615
1456,1520,1451,1476
1457,1483,1520,1476
1458,1405,1483,1476
1459,1451,1405,1476
1460,1567,1520,1522
1461,1524,1567,1522
1462,1483,1524,1522
1463,1520,1483,1522
1464,1602,1567,1564
1465,1558,1602,1564
1466,1524,1558,1564
1467,1567,1524,1564
1468,1612,1602,1579
1469,1566,1612,1579
1470,1558,1566,1579
1471,1602,1558,1579
1472,1136,906,1034
1473,1121,1136,1034
1474,904,1121,1034
1475,906,904,1034
1476,1235,1136,1181
1477,1219,1235,1181
1478,1121,1219,1181
1479,1136,1121,1181
1480,1322,1235,1267
1481,1292,1322,1267
1482,1219,1292,1267
1483,1235,1219,1267
1484,1405,1322,1336
1485,1362,1405,1336
1486,1292,1362,1336
1487,1322,1292,1336
1488,1121,904,1025
1489,1113,1121,1025
1490,902,1113,1025
1491,904,902,1025
1492,1219,1121,1171
1493,1207,1219,1171
1494,1113,1207,1171
1495,1121,1113,1171
1496,1292,1219,1245
1497,1280,1292,1245
1498,1207,1280,1245
1499,1219,1207,1245
1500,1362,1292,1316
1501,1342,1362,1316
1502,1280,1342,1316
1503,1292,1280,1316
1504,1483,1405,1424
1505,1437,1483,1424
1506,1362,1437,1424
1507,1405,1362,1424
1508,1524,1483,1487
1509,1485,1524,1487
1510,1437,1485,1487
1511,1483,1437,1487
1512,1558,1524,1516
1513,1513,1558,1516
1514,1485,1513,1516
1515,1524,1485,1516
1516,1566,1558,1530
1517,1515,1566,1530
1518,1513,1515,1530
1519,1558,1513,1530
1520,1437,1362,1385
1521,1407,1437,1385
1522,1342,1407,1385
1523,1362,1342,1385
1524,1485,1437,1445
1525,1462,1485,1445
1526,1407,1462,1445
1527,1437,1407,1445
1528,1513,1485,1491
1529,1497,1513,1491
1530,1462,1497,1491
1531,1485,1462,1491
1532,1515,1513,1505
1533,1501,1515,1505
1534,1497,1501,1505
1535,1513,1497,1505
1536,331,325,277
1537,228,331,277
1538,231,228,277
1539,325,231,277
1540,336,331,279
1541,224,336,279
1542,228,224,279
1543,331,228,279
1544,228,231,200
1545,173,228,200
1546,178,173,200
1547,231,178,200
1548,224,228,198
1549,167,224,198
1550,173,167,198
1551,228,173,198
1552,348,336,281
1553,222,348,281
1554,224,222,281
1555,336,224,281
1556,352,348,283
1557,210,352,283
1558,222,210,283
1559,348,222,283
1560,222,224,193
1561,150,222,193
1562,167,150,193
1563,224,167,193
1564,210,222,183
1565,142,210,183
1566,150,142,183
1567,222,150,183
1568,177,178,165
1569,136,177,165
1570,141,136,165
1571,178,141,165
1572,173,177,162
1573,127,173,162
1574,136,127,162
1575,177,136,162
1576,167,173,158
1577,131,167,158
1578,152,131,158
1579,173,152,158
1580,131,152,129
1581,82,131,129
1582,127,82,129
1583,152,127,129
1584,136,141,134
1585,114,136,134
1586,121,114,134
1587,141,121,134
1588,127,136,118
1589,93,127,118
1590,114,93,118
1591,136,114,118
1592,114,121,112
1593,101,114,112
1594,108,101,112
1595,121,108,112
1596,93,114,95
1597,90,93,95
1598,101,90,95
1599,114,101,95
1600,82,127,88
1601,59,82,88
1602,93,59,88
1603,127,93,88
1604,59,93,74
1605,52,59,74
1606,90,52,74
1607,93,90,74
1608,150,167,140
1609,86,150,140
1610,131,86,140
1611,167,131,140
1612,86,131,84
1613,50,86,84
1614,82,50,84
1615,131,82,84
1616,148,150,120
1617,76,148,120
1618,86,76,120
1619,150,86,120
1620,142,148,110
1621,72,142,110
1622,76,72,110
1623,148,76,110
1624,76,86,65
1625,36,76,65
1626,50,36,65
1627,86,50,65
1628,72,76,57
1629,34,72,57
1630,36,34,57
1631,76,36,57
1632,50,82,55
1633,27,50,55
1634,59,27,55
1635,82,59,55
1636,27,59,42
1637,18,27,42
1638,52,18,42
1639,59,52,42
1640,36,50,33
1641,12,36,33
1642,27,12,33
1643,50,27,33
1644,34,36,24
1645,8,34,24
1646,12,8,24
1647,36,12,24
1648,12,27,16
1649,2,12,16
1650,18,2,16
1651,27,18,16
1652,8,12,7
1653,0,8,7
1654,2,0,7
1655,12,2,7
1656,347,352,282
1657,221,347,282
1658,210,221,282
1659,352,210,282
1660,335,347,280
1661,223,335,280
1662,221,223,280
1663,347,221,280
1664,221,210,182
1665,149,221,182
1666,142,149,182
1667,210,142,182
1668,223,221,192
1669,166,223,192
1670,149,166,192
1671,221,149,192
1672,330,335,278
1673,227,330,278
1674,223,227,278
1675,335,223,278
1676,325,330,276
1677,231,325,276
1678,227,231,276
1679,330,227,276
1680,227,223,197
1681,172,227,197
1682,166,172,197
1683,223,166,197
1684,231,227,199
1685,178,231,199
1686,172,178,199
1687,227,172,199
1688,147,142,109
1689,75,147,109
1690,72,75,109
1691,142,72,109
1692,149,147,119
1693,85,149,119
1694,75,85,119
1695,147,75,119
1696,75,72,56
1697,35,75,56
1698,34,35,56
1699,72,34,56
1700,85,75,64
1701,49,85,64
1702,35,49,64
1703,75,35,64
1704,166,149,139
1705,130,166,139
1706,85,130,139
1707,149,85,139
1708,130,85,83
1709,81,130,83
1710,49,81,83
1711,85,49,83
1712,35,34,23
1713,11,35,23
1714,8,11,23
1715,34,8,23
1716,49,35,32
1717,26,49,32
1718,11,26,32
1719,35,11,32
1720,11,8,6
1721,1,11,6
1722,0,1,6
1723,8,0,6
1724,26,11,15
1725,17,26,15
1726,1,17,15
1727,11,1,15
1728,81,49,54
1729,58,81,54
1730,26,58,54
1731,49,26,54
1732,58,26,41
1733,51,58,41
1734,17,51,41
1735,26,17,41
1736,172,166,157
1737,151,172,157
1738,130,151,157
1739,166,130,157
1740,151,130,128
1741,126,151,128
1742,81,126,128
1743,130,81,128
1744,176,172,161
1745,135,176,161
1746,126,135,161
1747,172,126,161
1748,178,176,164
1749,141,178,164
1750,135,141,164
1751,176,135,164
1752,126,81,87
1753,92,126,87
1754,58,92,87
1755,81,58,87
1756,92,58,73
1757,89,92,73
1758,51,89,73
1759,58,51,73
1760,135,126,117
1761,113,135,117
1762,92,113,117
1763,126,92,117
1764,141,135,133
1765,121,141,133
1766,113,121,133
1767,135,113,133
1768,113,92,94
1769,100,113,94
1770,89,100,94
1771,92,89,94
1772,121,113,111
1773,108,121,111
1774,100,108,111
1775,113,100,111
1776,101,108,116
1777,125,101,116
1778,132,125,116
1779,108,132,116
1780,90,101,103
1781,105,90,103
1782,125,105,103
1783,101,125,103
1784,52,90,78
1785,71,52,78
1786,105,71,78
1787,90,105,78
1788,125,132,146
1789,156,125,146
1790,163,156,146
1791,132,163,146
1792,105,125,144
1793,154,105,144
1794,156,154,144
1795,125,156,144
1796,71,105,123
1797,138,71,123
1798,154,138,123
1799,105,154,123
1800,18,52,38
1801,22,18,38
1802,63,22,38
1803,52,63,38
1804,22,63,48
1805,40,22,48
1806,71,40,48
1807,63,71,48
1808,2,18,14
1809,10,2,14
1810,22,10,14
1811,18,22,14
1812,0,2,4
1813,5,0,4
1814,10,5,4
1815,2,10,4
1816,10,22,29
1817,31,10,29
1818,40,31,29
1819,22,40,29
1820,5,10,20
1821,25,5,20
1822,31,25,20
1823,10,31,20
1824,40,71,69
1825,67,40,69
1826,97,67,69
1827,71,97,69
1828,67,97,99
1829,107,67,99
1830,138,107,99
1831,97,138,99
1832,31,40,46
1833,61,31,46
1834,67,61,46
1835,40,67,46
1836,25,31,44
1837,53,25,44
1838,61,53,44
1839,31,61,44
1840,53,67,80
1841,91,53,80
1842,107,91,80
1843,67,107,80
1844,154,163,175
1845,195,154,175
1846,196,195,175
1847,163,196,175
1848,138,154,171
1849,189,138,171
1850,195,189,171
1851,154,195,171
1852,195,196,202
1853,207,195,202
1854,203,207,202
1855,196,203,202
1856,205,203,226
1857,234,205,226
1858,232,234,226
1859,203,232,226
1860,207,205,230
1861,236,207,230
1862,234,236,230
1863,205,234,230
1864,191,195,209
1865,241,191,209
1866,236,241,209
1867,195,236,209
1868,189,191,212
1869,248,189,212
1870,241,248,212
1871,191,241,212
1872,107,138,169
1873,185,107,169
1874,189,185,169
1875,138,189,169
1876,91,107,160
1877,179,91,160
1878,185,179,160
1879,107,185,160
1880,187,189,214
1881,252,187,214
1882,248,252,214
1883,189,248,214
1884,185,187,216
1885,259,185,216
1886,252,259,216
1887,187,252,216
1888,181,185,218
1889,261,181,218
1890,259,261,218
1891,185,259,218
1892,179,181,220
1893,262,179,220
1894,261,262,220
1895,181,261,220
1896,1,0,3
1897,9,1,3
1898,5,9,3
1899,0,5,3
1900,17,1,13
1901,21,17,13
1902,9,21,13
1903,1,9,13
1904,9,5,19
1905,30,9,19
1906,25,30,19
1907,5,25,19
1908,21,9,28
1909,39,21,28
1910,30,39,28
1911,9,30,28
1912,51,17,37
1913,62,51,37
1914,21,62,37
1915,17,21,37
1916,62,21,47
1917,70,62,47
1918,39,70,47
1919,21,39,47
1920,30,25,43
1921,60,30,43
1922,53,60,43
1923,25,53,43
1924,39,30,45
1925,66,39,45
1926,60,66,45
1927,30,60,45
1928,66,53,79
1929,106,66,79
1930,91,106,79
1931,53,91,79
1932,70,39,68
1933,96,70,68
1934,66,96,68
1935,39,66,68
1936,96,66,98
1937,137,96,98
1938,106,137,98
1939,66,106,98
1940,89,51,77
1941,104,89,77
1942,70,104,77
1943,51,70,77
1944,100,89,102
1945,124,100,102
1946,104,124,102
1947,89,104,102
1948,108,100,115
1949,132,108,115
1950,124,132,115
1951,100,124,115
1952,104,70,122
1953,153,104,122
1954,137,153,122
1955,70,137,122
1956,124,104,143
1957,155,124,143
1958,153,155,143
1959,104,153,143
1960,132,124,145
1961,163,132,145
1962,155,163,145
1963,124,155,145
1964,106,91,159
1965,184,106,159
1966,179,184,159
1967,91,179,159
1968,137,106,168
1969,188,137,168
1970,184,188,168
1971,106,184,168
1972,180,179,219
1973,260,180,219
1974,262,260,219
1975,179,262,219
1976,184,180,217
1977,258,184,217
1978,260,258,217
1979,180,260,217
1980,186,184,215
1981,251,186,215
1982,258,251,215
1983,184,258,215
1984,188,186,213
1985,247,188,213
1986,251,247,213
1987,186,251,213
1988,153,137,170
1989,194,153,170
1990,188,194,170
1991,137,188,170
1992,163,153,174
1993,196,163,174
1994,194,196,174
1995,153,194,174
1996,190,188,211
1997,240,190,211
1998,247,240,211
1999,188,247,211
2000,194,190,208
2001,235,194,208
2002,240,235,208
2003,190,240,208
2004,196,194,201
2005,203,196,201
2006,206,203,201
2007,194,206,201
2008,204,206,229
2009,233,204,229
2010,235,233,229
2011,206,235,229
2012,203,204,225
2013,232,203,225
2014,233,232,225
2015,204,233,225
2016,1552,1553,1587
2017,1632,1552,1587
2018,1630,1632,1587
2019,1553,1630,1587
2020,1550,1552,1591
2021,1637,1550,1591
2022,1632,1637,1591
2023,1552,1632,1591
2024,1632,1630,1647
2025,1665,1632,1647
2026,1663,1665,1647
2027,1630,1663,1647
2028,1637,1632,1651
2029,1673,1637,1651
2030,1665,1673,1651
2031,1632,1665,1651
2032,1548,1550,1595
2033,1641,1548,1595
2034,1637,1641,1595
2035,1550,1637,1595
2036,1546,1548,1597
2037,1645,1546,1597
2038,1641,1645,1597
2039,1548,1641,1597
2040,1641,1637,1657
2041,1679,1641,1657
2042,1673,1679,1657
2043,1637,1673,1657
2044,1645,1641,1660
2045,1688,1645,1660
2046,1679,1688,1660
2047,1641,1679,1660
2048,1665,1663,1677
2049,1695,1665,1677
2050,1693,1695,1677
2051,1663,1693,1677
2052,1673,1665,1683
2053,1705,1673,1683
2054,1695,1705,1683
2055,1665,1695,1683
2056,1695,1693,1707
2057,1718,1695,1707
2058,1712,1718,1707
2059,1693,1712,1707
2060,1705,1695,1709
2061,1725,1705,1709
2062,1718,1725,1709
2063,1695,1718,1709
2064,1679,1673,1692
2065,1714,1679,1692
2066,1705,1714,1692
2067,1673,1705,1692
2068,1688,1679,1703
2069,1729,1688,1703
2070,1714,1729,1703
2071,1679,1714,1703
2072,1714,1705,1723
2073,1739,1714,1723
2074,1725,1739,1723
2075,1705,1725,1723
2076,1729,1714,1733
2077,1752,1729,1733
2078,1739,1752,1733
2079,1714,1739,1733
2080,1544,1546,1605
2081,1649,1544,1605
2082,1645,1649,1605
2083,1546,1645,1605
2084,1542,1544,1576
2085,1614,1542,1576
2086,1609,1614,1576
2087,1544,1609,1576
2088,1614,1609,1635
2089,1653,1614,1635
2090,1649,1653,1635
2091,1609,1649,1635
2092,1649,1645,1669
2093,1699,1649,1669
2094,1688,1699,1669
2095,1645,1688,1669
2096,1653,1649,1662
2097,1681,1653,1662
2098,1675,1681,1662
2099,1649,1675,1662
2100,1681,1675,1690
2101,1711,1681,1690
2102,1699,1711,1690
2103,1675,1699,1690
2104,1540,1542,1578
2105,1618,1540,1578
2106,1614,1618,1578
2107,1542,1614,1578
2108,1618,1614,1639
2109,1655,1618,1639
2110,1653,1655,1639
2111,1614,1653,1639
2112,1538,1540,1582
2113,1619,1538,1582
2114,1618,1619,1582
2115,1540,1618,1582
2116,1619,1618,1643
2117,1658,1619,1643
2118,1655,1658,1643
2119,1618,1655,1643
2120,1655,1653,1667
2121,1685,1655,1667
2122,1681,1685,1667
2123,1653,1681,1667
2124,1685,1681,1697
2125,1720,1685,1697
2126,1711,1720,1697
2127,1681,1711,1697
2128,1658,1655,1671
2129,1686,1658,1671
2130,1685,1686,1671
2131,1655,1685,1671
2132,1686,1685,1701
2133,1721,1686,1701
2134,1720,1721,1701
2135,1685,1720,1701
2136,1699,1688,1716
2137,1743,1699,1716
2138,1729,1743,1716
2139,1688,1729,1716
2140,1711,1699,1727
2141,1754,1711,1727
2142,1743,1754,1727
2143,1699,1743,1727
2144,1743,1729,1748
2145,1770,1743,1748
2146,1752,1770,1748
2147,1729,1752,1748
2148,1754,1743,1760
2149,1786,1754,1760
2150,1770,1786,1760
2151,1743,1770,1760
2152,1720,1711,1735
2153,1762,1720,1735
2154,1754,1762,1735
2155,1711,1754,1735
2156,1721,1720,1741
2157,1768,1721,1741
2158,1762,1768,1741
2159,1720,1762,1741
2160,1762,1754,1776
2161,1796,1762,1776
2162,1786,1796,1776
2163,1754,1786,1776
2164,1768,1762,1782
2165,1801,1768,1782
2166,1796,1801,1782
2167,1762,1796,1782
2168,1718,1712,1731
2169,1746,1718,1731
2170,1744,1746,1731
2171,1712,1744,1731
2172,1725,1718,1737
2173,1758,1725,1737
2174,1746,1758,1737
2175,1718,1746,1737
2176,1739,1725,1750
2177,1780,1739,1750
2178,1758,1780,1750
2179,1725,1758,1750
2180,1752,1739,1765
2181,1800,1752,1765
2182,1780,1800,1765
2183,1739,1780,1765
2184,1746,1744,1756
2185,1772,1746,1756
2186,1763,1772,1756
2187,1744,1763,1756
2188,1758,1746,1767
2189,1788,1758,1767
2190,1772,1788,1767
2191,1746,1772,1767
2192,1772,1763,1790
2193,1814,1772,1790
2194,1806,1814,1790
2195,1763,1806,1790
2196,1788,1772,1803
2197,1832,1788,1803
2198,1814,1832,1803
2199,1772,1814,1803
2200,1780,1758,1784
2201,1816,1780,1784
2202,1788,1816,1784
2203,1758,1788,1784
2204,1800,1780,1808
2205,1839,1800,1808
2206,1816,1839,1808
2207,1780,1816,1808
2208,1839,1788,1845
2209,1898,1839,1845
2210,1832,1898,1845
2211,1788,1832,1845
2212,1770,1752,1774
2213,1794,1770,1774
2214,1778,1794,1774
2215,1752,1778,1774
2216,1786,1770,1792
2217,1810,1786,1792
2218,1794,1810,1792
2219,1770,1794,1792
2220,1794,1778,1798
2221,1822,1794,1798
2222,1800,1822,1798
2223,1778,1800,1798
2224,1810,1794,1818
2225,1843,1810,1818
2226,1822,1843,1818
2227,1794,1822,1818
2228,1796,1786,1805
2229,1824,1796,1805
2230,1810,1824,1805
2231,1786,1810,1805
2232,1801,1796,1812
2233,1825,1801,1812
2234,1824,1825,1812
2235,1796,1824,1812
2236,1824,1810,1830
2237,1861,1824,1830
2238,1843,1861,1830
2239,1810,1843,1830
2240,1825,1824,1841
2241,1870,1825,1841
2242,1861,1870,1841
2243,1824,1861,1841
2244,1822,1800,1828
2245,1874,1822,1828
2246,1839,1874,1828
2247,1800,1839,1828
2248,1843,1822,1859
2249,1892,1843,1859
2250,1874,1892,1859
2251,1822,1874,1859
2252,1892,1839,1886
2253,1911,1892,1886
2254,1878,1911,1886
2255,1839,1878,1886
2256,1911,1878,1909
2257,1935,1911,1909
2258,1898,1935,1909
2259,1878,1898,1909
2260,1861,1843,1880
2261,1902,1861,1880
2262,1892,1902,1880
2263,1843,1892,1880
2264,1870,1861,1890
2265,1905,1870,1890
2266,1902,1905,1890
2267,1861,1902,1890
2268,1902,1892,1907
2269,1923,1902,1907
2270,1911,1923,1907
2271,1892,1911,1907
2272,1923,1911,1930
2273,1949,1923,1930
2274,1935,1949,1930
2275,1911,1935,1930
2276,1905,1902,1913
2277,1926,1905,1913
2278,1923,1926,1913
2279,1902,1923,1913
2280,1926,1923,1939
2281,1952,1926,1939
2282,1949,1952,1939
2283,1923,1949,1939
2284,1539,1538,1581
2285,1617,1539,1581
2286,1619,1617,1581
2287,1538,1619,1581
2288,1617,1619,1642
2289,1654,1617,1642
2290,1658,1654,1642
2291,1619,1658,1642
2292,1541,1539,1577
2293,1613,1541,1577
2294,1617,1613,1577
2295,1539,1617,1577
2296,1613,1617,1638
2297,1652,1613,1638
2298,1654,1652,1638
2299,1617,1654,1638
2300,1654,1658,1670
2301,1684,1654,1670
2302,1686,1684,1670
2303,1658,1686,1670
2304,1684,1686,1700
2305,1719,1684,1700
2306,1721,1719,1700
2307,1686,1721,1700
2308,1652,1654,1666
2309,1680,1652,1666
2310,1684,1680,1666
2311,1654,1684,1666
2312,1680,1684,1696
2313,1710,1680,1696
2314,1719,1710,1696
2315,1684,1719,1696
2316,1543,1541,1575
2317,1608,1543,1575
2318,1613,1608,1575
2319,1541,1613,1575
2320,1608,1613,1634
2321,1648,1608,1634
2322,1652,1648,1634
2323,1613,1652,1634
2324,1545,1543,1604
2325,1644,1545,1604
2326,1648,1644,1604
2327,1543,1648,1604
2328,1648,1652,1661
2329,1674,1648,1661
2330,1680,1674,1661
2331,1652,1680,1661
2332,1674,1680,1689
2333,1698,1674,1689
2334,1710,1698,1689
2335,1680,1710,1689
2336,1644,1648,1668
2337,1687,1644,1668
2338,1698,1687,1668
2339,1648,1698,1668
2340,1719,1721,1740
2341,1761,1719,1740
2342,1768,1761,1740
2343,1721,1768,1740
2344,1710,1719,1734
2345,1753,1710,1734
2346,1761,1753,1734
2347,1719,1761,1734
2348,1761,1768,1781
2349,1795,1761,1781
2350,1801,1795,1781
2351,1768,1801,1781
2352,1753,1761,1775
2353,1785,1753,1775
2354,1795,1785,1775
2355,1761,1795,1775
2356,1698,1710,1726
2357,1742,1698,1726
2358,1753,1742,1726
2359,1710,1753,1726
2360,1687,1698,1715
2361,1728,1687,1715
2362,1742,1728,1715
2363,1698,1742,1715
2364,1742,1753,1759
2365,1769,1742,1759
2366,1785,1769,1759
2367,1753,1785,1759
2368,1728,1742,1747
2369,1751,1728,1747
2370,1769,1751,1747
2371,1742,1769,1747
2372,1547,1545,1596
2373,1640,1547,1596
2374,1644,1640,1596
2375,1545,1644,1596
2376,1549,1547,1594
2377,1636,1549,1594
2378,1640,1636,1594
2379,1547,1640,1594
2380,1640,1644,1659
2381,1678,1640,1659
2382,1687,1678,1659
2383,1644,1687,1659
2384,1636,1640,1656
2385,1672,1636,1656
2386,1678,1672,1656
2387,1640,1678,1656
2388,1551,1549,1590
2389,1631,1551,1590
2390,1636,1631,1590
2391,1549,1636,1590
2392,1553,1551,1586
2393,1630,1553,1586
2394,1631,1630,1586
2395,1551,1631,1586
2396,1631,1636,1650
2397,1664,1631,1650
2398,1672,1664,1650
2399,1636,1672,1650
2400,1630,1631,1646
2401,1663,1630,1646
2402,1664,1663,1646
2403,1631,1664,1646
2404,1678,1687,1702
2405,1713,1678,1702
2406,1728,1713,1702
2407,1687,1728,1702
2408,1672,1678,1691
2409,1704,1672,1691
2410,1713,1704,1691
2411,1678,1713,1691
2412,1713,1728,1732
2413,1738,1713,1732
2414,1751,1738,1732
2415,1728,1751,1732
2416,1704,1713,1722
2417,1724,1704,1722
2418,1738,1724,1722
2419,1713,1738,1722
2420,1664,1672,1682
2421,1694,1664,1682
2422,1704,1694,1682
2423,1672,1704,1682
2424,1663,1664,1676
2425,1693,1663,1676
2426,1694,1693,1676
2427,1664,1694,1676
2428,1694,1704,1708
2429,1717,1694,1708
2430,1724,1717,1708
2431,1704,1724,1708
2432,1693,1694,1706
2433,1712,1693,1706
2434,1717,1712,1706
2435,1694,1717,1706
2436,1795,1801,1811
2437,1823,1795,1811
2438,1825,1823,1811
2439,1801,1825,1811
2440,1785,1795,1804
2441,1809,1785,1804
2442,1823,1809,1804
2443,1795,1823,1804
2444,1823,1825,1840
2445,1860,1823,1840
2446,1870,1860,1840
2447,1825,1870,1840
2448,1809,1823,1829
2449,1842,1809,1829
2450,1860,1842,1829
2451,1823,1860,1829
2452,1769,1785,1791
2453,1793,1769,1791
2454,1809,1793,1791
2455,1785,1809,1791
2456,1751,1769,1773
2457,1777,1751,1773
2458,1793,1777,1773
2459,1769,1793,1773
2460,1793,1809,1817
2461,1821,1793,1817
2462,1842,1821,1817
2463,1809,1842,1817
2464,1777,1793,1797
2465,1799,1777,1797
2466,1821,1799,1797
2467,1793,1821,1797
2468,1860,1870,1889
2469,1901,1860,1889
2470,1905,1901,1889
2471,1870,1905,1889
2472,1842,1860,1879
2473,1891,1842,1879
2474,1901,1891,1879
2475,1860,1901,1879
2476,1901,1905,1912
2477,1922,1901,1912
2478,1926,1922,1912
2479,1905,1926,1912
2480,1922,1926,1938
2481,1948,1922,1938
2482,1952,1948,1938
2483,1926,1952,1938
2484,1891,1901,1906
2485,1910,1891,1906
2486,1922,1910,1906
2487,1901,1922,1906
2488,1910,1922,1929
2489,1934,1910,1929
2490,1948,1934,1929
2491,1922,1948,1929
2492,1821,1842,1858
2493,1873,1821,1858
2494,1891,1873,1858
2495,1842,1891,1858
2496,1799,1821,1827
2497,1838,1799,1827
2498,1873,1838,1827
2499,1821,1873,1827
2500,1838,1891,1885
2501,1877,1838,1885
2502,1910,1877,1885
2503,1891,1910,1885
2504,1877,1910,1908
2505,1895,1877,1908
2506,1934,1895,1908
2507,1910,1934,1908
2508,1738,1751,1764
2509,1779,1738,1764
2510,1799,1779,1764
2511,1751,1799,1764
2512,1724,1738,1749
2513,1757,1724,1749
2514,1779,1757,1749
2515,1738,1779,1749
2516,1717,1724,1736
2517,1745,1717,1736
2518,1757,1745,1736
2519,1724,1757,1736
2520,1712,1717,1730
2521,1744,1712,1730
2522,1745,1744,1730
2523,1717,1745,1730
2524,1779,1799,1807
2525,1815,1779,1807
2526,1838,1815,1807
2527,1799,1838,1807
2528,1757,1779,1783
2529,1787,1757,1783
2530,1815,1787,1783
2531,1779,1815,1783
2532,1787,1838,1844
2533,1831,1787,1844
2534,1895,1831,1844
2535,1838,1895,1844
2536,1745,1757,1766
2537,1771,1745,1766
2538,1787,1771,1766
2539,1757,1787,1766
2540,1744,1745,1755
2541,1763,1744,1755
2542,1771,1763,1755
2543,1745,1771,1755
2544,1771,1787,1802
2545,1813,1771,1802
2546,1831,1813,1802
2547,1787,1831,1802
2548,1763,1771,1789
2549,1806,1763,1789
2550,1813,1806,1789
2551,1771,1813,1789
2552,1814,1806,1820
2553,1836,1814,1820
2554,1826,1836,1820
2555,1806,1826,1820
2556,1832,1814,1834
2557,1872,1832,1834
2558,1836,1872,1834
2559,1814,1836,1834
2560,1898,1832,1888
2561,1915,1898,1888
2562,1872,1915,1888
2563,1832,1872,1888
2564,1836,1826,1847
2565,1857,1836,1847
2566,1850,1857,1847
2567,1826,1850,1847
2568,1872,1836,1863
2569,1882,1872,1863
2570,1857,1882,1863
2571,1836,1857,1863
2572,1915,1872,1900
2573,1919,1915,1900
2574,1882,1919,1900
2575,1872,1882,1900
2576,1935,1898,1928
2577,1954,1935,1928
2578,1915,1954,1928
2579,1898,1915,1928
2580,1949,1935,1951
2581,1969,1949,1951
2582,1954,1969,1951
2583,1935,1954,1951
2584,1952,1949,1962
2585,1974,1952,1962
2586,1969,1974,1962
2587,1949,1969,1962
2588,1954,1915,1941
2589,1958,1954,1941
2590,1919,1958,1941
2591,1915,1919,1941
2592,1969,1954,1965
2593,1971,1969,1965
2594,1958,1971,1965
2595,1954,1958,1965
2596,1974,1969,1973
2597,1975,1974,1973
2598,1971,1975,1973
2599,1969,1971,1973
2600,1857,1850,1855
2601,1867,1857,1855
2602,1853,1867,1855
2603,1850,1853,1855
2604,1882,1857,1876
2605,1884,1882,1876
2606,1867,1884,1876
2607,1857,1867,1876
2608,1919,1882,1904
2609,1917,1919,1904
2610,1884,1917,1904
2611,1882,1884,1904
2612,1867,1853,1852
2613,1849,1867,1852
2614,1837,1849,1852
2615,1853,1837,1852
2616,1884,1867,1869
2617,1865,1884,1869
2618,1849,1865,1869
2619,1867,1849,1869
2620,1917,1884,1894
2621,1897,1917,1894
2622,1865,1897,1894
2623,1884,1865,1894
2624,1958,1919,1937
2625,1947,1958,1937
2626,1917,1947,1937
2627,1919,1917,1937
2628,1971,1958,1960
2629,1956,1971,1960
2630,1947,1956,1960
2631,1958,1947,1960
2632,1975,1971,1967
2633,1963,1975,1967
2634,1956,1963,1967
2635,1971,1956,1967
2636,1947,1917,1921
2637,1925,1947,1921
2638,1897,1925,1921
2639,1917,1897,1921
2640,1956,1947,1943
2641,1932,1956,1943
2642,1925,1932,1943
2643,1947,1925,1943
2644,1963,1956,1945
2645,1933,1963,1945
2646,1932,1933,1945
2647,1956,1932,1945
2648,1948,1952,1961
2649,1968,1948,1961
2650,1974,1968,1961
2651,1952,1974,1961
2652,1934,1948,1950
2653,1953,1934,1950
2654,1968,1953,1950
2655,1948,1968,1950
2656,1895,1934,1927
2657,1914,1895,1927
2658,1953,1914,1927
2659,1934,1953,1927
2660,1968,1974,1972
2661,1970,1968,1972
2662,1975,1970,1972
2663,1974,1975,1972
2664,1953,1968,1964
2665,1957,1953,1964
2666,1970,1957,1964
2667,1968,1970,1964
2668,1914,1953,1940
2669,1918,1914,1940
2670,1957,1918,1940
2671,1953,1957,1940
2672,1831,1895,1887
2673,1871,1831,1887
2674,1914,1871,1887
2675,1895,1914,1887
2676,1813,1831,1833
2677,1835,1813,1833
2678,1871,1835,1833
2679,1831,1871,1833
2680,1806,1813,1819
2681,1826,1806,1819
2682,1835,1826,1819
2683,1813,1835,1819
2684,1871,1914,1899
2685,1881,1871,1899
2686,1918,1881,1899
2687,1914,1918,1899
2688,1835,1871,1862
2689,1856,1835,1862
2690,1881,1856,1862
2691,1871,1881,1862
2692,1826,1835,1846
2693,1850,1826,1846
2694,1856,1850,1846
2695,1835,1856,1846
2696,1970,1975,1966
2697,1955,1970,1966
2698,1963,1955,1966
2699,1975,1963,1966
2700,1957,1970,1959
2701,1946,1957,1959
2702,1955,1946,1959
2703,1970,1955,1959
2704,1918,1957,1936
2705,1916,1918,1936
2706,1946,1916,1936
2707,1957,1946,1936
2708,1955,1963,1944
2709,1931,1955,1944
2710,1933,1931,1944
2711,1963,1933,1944
2712,1946,1955,1942
2713,1924,1946,1942
2714,1931,1924,1942
2715,1955,1931,1942
2716,1916,1946,1920
2717,1896,1916,1920
2718,1924,1896,1920
2719,1946,1924,1920
2720,1881,1918,1903
2721,1883,1881,1903
2722,1916,1883,1903
2723,1918,1916,1903
2724,1856,1881,1875
2725,1866,1856,1875
2726,1883,1866,1875
2727,1881,1883,1875
2728,1850,1856,1854
2729,1853,1850,1854
2730,1866,1853,1854
2731,1856,1866,1854
2732,1883,1916,1893
2733,1864,1883,1893
2734,1896,1864,1893
2735,1916,1896,1893
2736,1866,1883,1868
2737,1848,1866,1868
2738,1864,1848,1868
2739,1883,1864,1868
2740,1853,1866,1851
2741,1837,1853,1851
2742,1848,1837,1851
2743,1866,1848,1851
2744,1069,952,992
2745,1072,1069,992
2746,952,1072,992
2747,1069,1072,1094
2748,1118,1069,1094
2749,1134,1118,1094
2750,1072,1134,1094
2751,1030,952,984
2752,1069,1030,984
2753,952,1069,984
2754,1030,1069,1076
2755,1080,1030,1076
2756,1118,1080,1076
2757,1069,1118,1076
2758,1118,1134,1133
2759,1131,1118,1133
2760,1139,1131,1133
2761,1134,1139,1133
2762,1131,1139,1129
2763,1110,1131,1129
2764,1127,1110,1129
2765,1139,1127,1129
2766,1080,1118,1104
2767,1088,1080,1104
2768,1131,1088,1104
2769,1118,1131,1104
2770,1088,1131,1096
2771,1074,1088,1096
2772,1110,1074,1096
2773,1131,1110,1096
2774,980,952,964
2775,1030,980,964
2776,952,1030,964
2777,980,1030,1028
2778,1002,980,1028
2779,1080,1002,1028
2780,1030,1080,1028
2781,951,952,954
2782,980,951,954
2783,952,980,954
2784,951,980,962
2785,949,951,962
2786,1002,949,962
2787,980,1002,962
2788,1002,1080,1059
2789,1012,1002,1059
2790,1088,1012,1059
2791,1080,1088,1059
2792,1012,1088,1053
2793,998,1012,1053
2794,1074,998,1053
2795,1088,1074,1053
2796,949,1002,974
2797,947,949,974
2798,1012,947,974
2799,1002,1012,974
2800,947,1012,972
2801,945,947,972
2802,998,945,972
2803,1012,998,972
2804,1110,1127,1082
2805,1047,1110,1082
2806,1060,1047,1082
2807,1127,1060,1082
2808,1074,1110,1071
2809,1004,1074,1071
2810,1047,1004,1071
2811,1110,1047,1071
2812,1047,1060,1039
2813,1024,1047,1039
2814,1031,1024,1039
2815,1060,1031,1039
2816,1024,1031,1041
2817,1049,1024,1041
2818,1063,1049,1041
2819,1031,1063,1041
2820,1004,1047,1018
2821,994,1004,1018
2822,1024,994,1018
2823,1047,1024,1018
2824,994,1024,1020
2825,1010,994,1020
2826,1049,1010,1020
2827,1024,1049,1020
2828,998,1074,1014
2829,976,998,1014
2830,1004,976,1014
2831,1074,1004,1014
2832,945,998,960
2833,943,945,960
2834,976,943,960
2835,998,976,960
2836,976,1004,986
2837,970,976,986
2838,994,970,986
2839,1004,994,986
2840,970,994,990
2841,978,970,990
2842,1010,978,990
2843,994,1010,990
2844,943,976,956
2845,941,943,956
2846,970,941,956
2847,976,970,956
2848,941,970,958
2849,939,941,958
2850,978,939,958
2851,970,978,958
2852,875,952,901
2853,951,875,901
2854,952,951,901
2855,875,951,893
2856,853,875,893
2857,949,853,893
2858,951,949,893
2859,825,952,891
2860,875,825,891
2861,952,875,891
2862,825,875,827
2863,775,825,827
2864,853,775,827
2865,875,853,827
2866,853,949,881
2867,843,853,881
2868,947,843,881
2869,949,947,881
2870,843,947,883
2871,857,843,883
2872,945,857,883
2873,947,945,883
2874,775,853,796
2875,767,775,796
2876,843,767,796
2877,853,843,796
2878,767,843,802
2879,781,767,802
2880,857,781,802
2881,843,857,802
2882,786,952,871
2883,825,786,871
2884,952,825,871
2885,786,825,779
2886,737,786,779
2887,775,737,779
2888,825,775,779
2889,782,952,863
2890,786,782,863
2891,952,786,863
2892,782,786,761
2893,720,782,761
2894,737,720,761
2895,786,737,761
2896,737,775,751
2897,724,737,751
2898,767,724,751
2899,775,767,751
2900,724,767,759
2901,745,724,759
2902,781,745,759
2903,767,781,759
2904,720,737,722
2905,715,720,722
2906,724,715,722
2907,737,724,722
2908,715,724,726
2909,727,715,726
2910,745,727,726
2911,724,745,726
2912,857,945,895
2913,879,857,895
2914,943,879,895
2915,945,943,895
2916,781,857,841
2917,851,781,841
2918,879,851,841
2919,857,879,841
2920,879,943,899
2921,885,879,899
2922,941,885,899
2923,943,941,899
2924,885,941,897
2925,877,885,897
2926,939,877,897
2927,941,939,897
2928,851,879,869
2929,861,851,869
2930,885,861,869
2931,879,885,869
2932,861,885,865
2933,845,861,865
2934,877,845,865
2935,885,877,865
2936,745,781,784
2937,808,745,784
2938,851,808,784
2939,781,851,784
2940,727,745,773
2941,794,727,773
2942,808,794,773
2943,745,808,773
2944,808,851,837
2945,831,808,837
2946,861,831,837
2947,851,861,837
2948,831,861,835
2949,806,831,835
2950,845,806,835
2951,861,845,835
2952,794,808,816
2953,823,794,816
2954,831,823,816
2955,808,831,816
2956,823,831,814
2957,791,823,814
2958,806,791,814
2959,831,806,814
2960,785,952,862
2961,782,785,862
2962,952,782,862
2963,785,782,760
2964,736,785,760
2965,720,736,760
2966,782,720,760
2967,824,952,870
2968,785,824,870
2969,952,785,870
2970,824,785,778
2971,774,824,778
2972,736,774,778
2973,785,736,778
2974,736,720,721
2975,723,736,721
2976,715,723,721
2977,720,715,721
2978,723,715,725
2979,744,723,725
2980,727,744,725
2981,715,727,725
2982,774,736,750
2983,766,774,750
2984,723,766,750
2985,736,723,750
2986,766,723,758
2987,780,766,758
2988,744,780,758
2989,723,744,758
2990,874,952,890
2991,824,874,890
2992,952,824,890
2993,874,824,826
2994,852,874,826
2995,774,852,826
2996,824,774,826
2997,950,952,900
2998,874,950,900
2999,952,874,900
3000,950,874,892
3001,948,950,892
3002,852,948,892
3003,874,852,892
3004,852,774,795
3005,842,852,795
3006,766,842,795
3007,774,766,795
3008,842,766,801
3009,856,842,801
3010,780,856,801
3011,766,780,801
3012,948,852,880
3013,946,948,880
3014,842,946,880
3015,852,842,880
3016,946,842,882
3017,944,946,882
3018,856,944,882
3019,842,856,882
3020,744,727,772
3021,807,744,772
3022,794,807,772
3023,727,794,772
3024,780,744,783
3025,850,780,783
3026,807,850,783
3027,744,807,783
3028,807,794,815
3029,830,807,815
3030,823,830,815
3031,794,823,815
3032,830,823,813
3033,805,830,813
3034,791,805,813
3035,823,791,813
3036,850,807,836
3037,860,850,836
3038,830,860,836
3039,807,830,836
3040,860,830,834
3041,844,860,834
3042,805,844,834
3043,830,805,834
3044,856,780,840
3045,878,856,840
3046,850,878,840
3047,780,850,840
3048,944,856,894
3049,942,944,894
3050,878,942,894
3051,856,878,894
3052,878,850,868
3053,884,878,868
3054,860,884,868
3055,850,860,868
3056,884,860,864
3057,876,884,864
3058,844,876,864
3059,860,844,864
3060,942,878,898
3061,940,942,898
3062,884,940,898
3063,878,884,898
3064,940,884,896
3065,938,940,896
3066,876,938,896
3067,884,876,896
3068,979,952,953
3069,950,979,953
3070,952,950,953
3071,979,950,961
3072,1001,979,961
3073,948,1001,961
3074,950,948,961
3075,1029,952,963
3076,979,1029,963
3077,952,979,963
3078,1029,979,1027
3079,1079,1029,1027
3080,1001,1079,1027
3081,979,1001,1027
3082,1001,948,973
3083,1011,1001,973
3084,946,1011,973
3085,948,946,973
3086,1011,946,971
3087,997,1011,971
3088,944,997,971
3089,946,944,971
3090,1079,1001,1058
3091,1087,1079,1058
3092,1011,1087,1058
3093,1001,1011,1058
3094,1087,1011,1052
3095,1073,1087,1052
3096,997,1073,1052
3097,1011,997,1052
3098,1068,952,983
3099,1029,1068,983
3100,952,1029,983
3101,1068,1029,1075
3102,1117,1068,1075
3103,1079,1117,1075
3104,1029,1079,1075
3105,1072,952,991
3106,1068,1072,991
3107,952,1068,991
3108,1072,1068,1093
3109,1134,1072,1093
3110,1117,1134,1093
3111,1068,1117,1093
3112,1117,1079,1103
3113,1130,1117,1103
3114,1087,1130,1103
3115,1079,1087,1103
3116,1130,1087,1095
3117,1109,1130,1095
3118,1073,1109,1095
3119,1087,1073,1095
3120,1134,1117,1132
3121,1139,1134,1132
3122,1130,1139,1132
3123,1117,1130,1132
3124,1139,1130,1128
3125,1127,1139,1128
3126,1109,1127,1128
3127,1130,1109,1128
3128,997,944,959
3129,975,997,959
3130,942,975,959
3131,944,942,959
3132,1073,997,1013
3133,1003,1073,1013
3134,975,1003,1013
3135,997,975,1013
3136,975,942,955
3137,969,975,955
3138,940,969,955
3139,942,940,955
3140,969,940,957
3141,977,969,957
3142,938,977,957
3143,940,938,957
3144,1003,975,985
3145,993,1003,985
3146,969,993,985
3147,975,969,985
3148,993,969,989
3149,1009,993,989
3150,977,1009,989
3151,969,977,989
3152,1109,1073,1070
3153,1046,1109,1070
3154,1003,1046,1070
3155,1073,1003,1070
3156,1127,1109,1081
3157,1060,1127,1081
3158,1046,1060,1081
3159,1109,1046,1081
3160,1046,1003,1017
3161,1023,1046,1017
3162,993,1023,1017
3163,1003,993,1017
3164,1023,993,1019
3165,1048,1023,1019
3166,1009,1048,1019
3167,993,1009,1019
3168,1060,1046,1038
3169,1031,1060,1038
3170,1023,1031,1038
3171,1046,1023,1038
3172,1031,1023,1040
3173,1063,1031,1040
3174,1048,1063,1040
3175,1023,1048,1040
3176,1049,1063,1120
3177,1161,1049,1120
3178,1170,1161,1120
3179,1063,1170,1120
3180,1010,1049,1092
3181,1126,1010,1092
3182,1161,1126,1092
3183,1049,1161,1092
3184,1165,1170,1224
3185,1272,1165,1224
3186,1279,1272,1224
3187,1170,1279,1224
3188,1161,1165,1216
3189,1250,1161,1216
3190,1272,1250,1216
3191,1165,1272,1216
3192,1141,1161,1196
3193,1234,1141,1196
3194,1250,1234,1196
3195,1161,1250,1196
3196,1126,1141,1178
3197,1206,1126,1178
3198,1234,1206,1178
3199,1141,1234,1178
3200,978,1010,1045
3201,1043,978,1045
3202,1126,1043,1045
3203,1010,1126,1045
3204,939,978,966
3205,937,939,966
3206,1043,937,966
3207,978,1043,966
3208,1084,1126,1153
3209,1174,1084,1153
3210,1206,1174,1153
3211,1126,1206,1153
3212,1043,1084,1112
3213,1124,1043,1112
3214,1174,1124,1112
3215,1084,1174,1112
3216,982,1043,1055
3217,1033,982,1055
3218,1124,1033,1055
3219,1043,1124,1055
3220,937,982,968
3221,935,937,968
3222,1033,935,968
3223,982,1033,968
3224,1272,1279,1321
3225,1369,1272,1321
3226,1376,1369,1321
3227,1279,1376,1321
3228,1250,1272,1309
3229,1347,1250,1309
3230,1369,1347,1309
3231,1272,1369,1309
3232,1234,1250,1285
3233,1315,1234,1285
3234,1347,1315,1285
3235,1250,1347,1285
3236,1206,1234,1252
3237,1278,1206,1252
3238,1315,1278,1252
3239,1234,1315,1252
3240,1369,1376,1388
3241,1402,1369,1388
3242,1415,1402,1388
3243,1376,1415,1388
3244,1347,1369,1375
3245,1378,1347,1375
3246,1402,1378,1375
3247,1369,1402,1375
3248,1402,1415,1419
3249,1423,1402,1419
3250,1434,1423,1419
3251,1415,1434,1419
3252,1378,1402,1396
3253,1390,1378,1396
3254,1423,1390,1396
3255,1402,1423,1396
3256,1315,1347,1339
3257,1335,1315,1339
3258,1378,1335,1339
3259,1347,1378,1339
3260,1278,1315,1305
3261,1295,1278,1305
3262,1335,1295,1305
3263,1315,1335,1305
3264,1335,1378,1365
3265,1353,1335,1365
3266,1390,1353,1365
3267,1378,1390,1365
3268,1295,1335,1325
3269,1301,1295,1325
3270,1353,1301,1325
3271,1335,1353,1325
3272,1174,1206,1222
3273,1226,1174,1222
3274,1278,1226,1222
3275,1206,1278,1222
3276,1124,1174,1176
3277,1169,1124,1176
3278,1226,1169,1176
3279,1174,1226,1176
3280,1033,1124,1108
3281,1078,1033,1108
3282,1169,1078,1108
3283,1124,1169,1108
3284,935,1033,988
3285,931,935,988
3286,1078,931,988
3287,1033,1078,988
3288,1226,1278,1256
3289,1240,1226,1256
3290,1295,1240,1256
3291,1278,1295,1256
3292,1169,1226,1202
3293,1180,1169,1202
3294,1240,1180,1202
3295,1226,1240,1202
3296,1240,1295,1274
3297,1244,1240,1274
3298,1301,1244,1274
3299,1295,1301,1274
3300,1180,1240,1218
3301,1186,1180,1218
3302,1244,1186,1218
3303,1240,1244,1218
3304,1078,1169,1138
3305,1086,1078,1138
3306,1180,1086,1138
3307,1169,1180,1138
3308,931,1078,996
3309,925,931,996
3310,1086,925,996
3311,1078,1086,996
3312,1086,1180,1145
3313,1090,1086,1145
3314,1186,1090,1145
3315,1180,1186,1145
3316,925,1086,1000
3317,921,925,1000
3318,1090,921,1000
3319,1086,1090,1000
3320,877,939,889
3321,812,877,889
3322,937,812,889
3323,939,937,889
3324,845,877,810
3325,729,845,810
3326,812,729,810
3327,877,812,810
3328,873,937,887
3329,822,873,887
3330,935,822,887
3331,937,935,887
3332,812,873,800
3333,731,812,800
3334,822,731,800
3335,873,822,800
3336,771,812,743
3337,681,771,743
3338,731,681,743
3339,812,731,743
3340,729,771,702
3341,649,729,702
3342,681,649,702
3343,771,681,702
3344,806,845,763
3345,694,806,763
3346,729,694,763
3347,845,729,763
3348,791,806,735
3349,684,791,735
3350,694,684,735
3351,806,694,735
3352,714,729,677
3353,621,714,677
3354,649,621,677
3355,729,649,677
3356,694,714,659
3357,605,694,659
3358,621,605,659
3359,714,621,659
3360,690,694,639
3361,583,690,639
3362,605,583,639
3363,694,605,639
3364,684,690,631
3365,575,684,631
3366,583,575,631
3367,690,583,631
3368,822,935,867
3369,777,822,867
3370,931,777,867
3371,935,931,867
3372,731,822,747
3373,686,731,747
3374,777,686,747
3375,822,777,747
3376,681,731,679
3377,629,681,679
3378,686,629,679
3379,731,686,679
3380,649,681,633
3381,577,649,633
3382,629,577,633
3383,681,629,633
3384,777,931,859
3385,769,777,859
3386,925,769,859
3387,931,925,859
3388,686,777,717
3389,675,686,717
3390,769,675,717
3391,777,769,717
3392,769,925,855
3393,765,769,855
3394,921,765,855
3395,925,921,855
3396,675,769,710
3397,669,675,710
3398,765,669,710
3399,769,765,710
3400,629,686,653
3401,615,629,653
3402,675,615,653
3403,686,675,653
3404,577,629,599
3405,560,577,599
3406,615,560,599
3407,629,615,599
3408,615,675,637
3409,611,615,637
3410,669,611,637
3411,675,669,637
3412,560,615,581
3413,554,560,581
3414,611,554,581
3415,615,611,581
3416,621,649,603
3417,540,621,603
3418,577,540,603
3419,649,577,603
3420,605,621,570
3421,508,605,570
3422,540,508,570
3423,621,540,570
3424,583,605,546
3425,486,583,546
3426,508,486,546
3427,605,508,546
3428,575,583,534
3429,478,575,534
3430,486,478,534
3431,583,486,534
3432,540,577,550
3433,520,540,550
3434,560,520,550
3435,577,560,550
3436,508,540,516
3437,477,508,516
3438,520,477,516
3439,540,520,516
3440,520,560,530
3441,502,520,530
3442,554,502,530
3443,560,554,530
3444,477,520,490
3445,465,477,490
3446,502,465,490
3447,520,502,490
3448,486,508,480
3449,453,486,480
3450,477,453,480
3451,508,477,480
3452,478,486,467
3453,439,478,467
3454,453,439,467
3455,486,453,467
3456,453,477,459
3457,432,453,459
3458,465,432,459
3459,477,465,459
3460,439,453,436
3461,420,439,436
3462,432,420,436
3463,453,432,436
3464,805,791,734
3465,693,805,734
3466,684,693,734
3467,791,684,734
3468,844,805,762
3469,728,844,762
3470,693,728,762
3471,805,693,762
3472,689,684,630
3473,582,689,630
3474,575,582,630
3475,684,575,630
3476,693,689,638
3477,604,693,638
3478,582,604,638
3479,689,582,638
3480,713,693,658
3481,620,713,658
3482,604,620,658
3483,693,604,658
3484,728,713,676
3485,648,728,676
3486,620,648,676
3487,713,620,676
3488,876,844,809
3489,811,876,809
3490,728,811,809
3491,844,728,809
3492,938,876,888
3493,936,938,888
3494,811,936,888
3495,876,811,888
3496,770,728,701
3497,680,770,701
3498,648,680,701
3499,728,648,701
3500,811,770,742
3501,730,811,742
3502,680,730,742
3503,770,680,742
3504,872,811,799
3505,821,872,799
3506,730,821,799
3507,811,730,799
3508,936,872,886
3509,934,936,886
3510,821,934,886
3511,872,821,886
3512,582,575,533
3513,485,582,533
3514,478,485,533
3515,575,478,533
3516,604,582,545
3517,507,604,545
3518,485,507,545
3519,582,485,545
3520,620,604,569
3521,539,620,569
3522,507,539,569
3523,604,507,569
3524,648,620,602
3525,576,648,602
3526,539,576,602
3527,620,539,602
3528,485,478,466
3529,452,485,466
3530,439,452,466
3531,478,439,466
3532,507,485,479
3533,476,507,479
3534,452,476,479
3535,485,452,479
3536,452,439,435
3537,431,452,435
3538,420,431,435
3539,439,420,435
3540,476,452,458
3541,464,476,458
3542,431,464,458
3543,452,431,458
3544,539,507,515
3545,519,539,515
3546,476,519,515
3547,507,476,515
3548,576,539,549
3549,559,576,549
3550,519,559,549
3551,539,519,549
3552,519,476,489
3553,501,519,489
3554,464,501,489
3555,476,464,489
3556,559,519,529
3557,553,559,529
3558,501,553,529
3559,519,501,529
3560,680,648,632
3561,628,680,632
3562,576,628,632
3563,648,576,632
3564,730,680,678
3565,685,730,678
3566,628,685,678
3567,680,628,678
3568,821,730,746
3569,776,821,746
3570,685,776,746
3571,730,685,746
3572,934,821,866
3573,930,934,866
3574,776,930,866
3575,821,776,866
3576,628,576,598
3577,614,628,598
3578,559,614,598
3579,576,559,598
3580,685,628,652
3581,674,685,652
3582,614,674,652
3583,628,614,652
3584,614,559,580
3585,610,614,580
3586,553,610,580
3587,559,553,580
3588,674,614,636
3589,668,674,636
3590,610,668,636
3591,614,610,636
3592,776,685,716
3593,768,776,716
3594,674,768,716
3595,685,674,716
3596,930,776,858
3597,924,930,858
3598,768,924,858
3599,776,768,858
3600,768,674,709
3601,764,768,709
3602,668,764,709
3603,674,668,709
3604,924,768,854
3605,920,924,854
3606,764,920,854
3607,768,764,854
3608,977,938,965
3609,1042,977,965
3610,936,1042,965
3611,938,936,965
3612,1009,977,1044
3613,1125,1009,1044
3614,1042,1125,1044
3615,977,1042,1044
3616,981,936,967
3617,1032,981,967
3618,934,1032,967
3619,936,934,967
3620,1042,981,1054
3621,1123,1042,1054
3622,1032,1123,1054
3623,981,1032,1054
3624,1083,1042,1111
3625,1173,1083,1111
3626,1123,1173,1111
3627,1042,1123,1111
3628,1125,1083,1152
3629,1205,1125,1152
3630,1173,1205,1152
3631,1083,1173,1152
3632,1048,1009,1091
3633,1160,1048,1091
3634,1125,1160,1091
3635,1009,1125,1091
3636,1063,1048,1119
3637,1170,1063,1119
3638,1160,1170,1119
3639,1048,1160,1119
3640,1140,1125,1177
3641,1233,1140,1177
3642,1205,1233,1177
3643,1125,1205,1177
3644,1160,1140,1195
3645,1249,1160,1195
3646,1233,1249,1195
3647,1140,1233,1195
3648,1164,1160,1215
3649,1271,1164,1215
3650,1249,1271,1215
3651,1160,1249,1215
3652,1170,1164,1223
3653,1279,1170,1223
3654,1271,1279,1223
3655,1164,1271,1223
3656,1032,934,987
3657,1077,1032,987
3658,930,1077,987
3659,934,930,987
3660,1123,1032,1107
3661,1168,1123,1107
3662,1077,1168,1107
3663,1032,1077,1107
3664,1173,1123,1175
3665,1225,1173,1175
3666,1168,1225,1175
3667,1123,1168,1175
3668,1205,1173,1221
3669,1277,1205,1221
3670,1225,1277,1221
3671,1173,1225,1221
3672,1077,930,995
3673,1085,1077,995
3674,924,1085,995
3675,930,924,995
3676,1168,1077,1137
3677,1179,1168,1137
3678,1085,1179,1137
3679,1077,1085,1137
3680,1085,924,999
3681,1089,1085,999
3682,920,1089,999
3683,924,920,999
3684,1179,1085,1144
3685,1185,1179,1144
3686,1089,1185,1144
3687,1085,1089,1144
3688,1225,1168,1201
3689,1239,1225,1201
3690,1179,1239,1201
3691,1168,1179,1201
3692,1277,1225,1255
3693,1294,1277,1255
3694,1239,1294,1255
3695,1225,1239,1255
3696,1239,1179,1217
3697,1243,1239,1217
3698,1185,1243,1217
3699,1179,1185,1217
3700,1294,1239,1273
3701,1300,1294,1273
3702,1243,1300,1273
3703,1239,1243,1273
3704,1233,1205,1251
3705,1314,1233,1251
3706,1277,1314,1251
3707,1205,1277,1251
3708,1249,1233,1284
3709,1346,1249,1284
3710,1314,1346,1284
3711,1233,1314,1284
3712,1271,1249,1308
3713,1368,1271,1308
3714,1346,1368,1308
3715,1249,1346,1308
3716,1279,1271,1320
3717,1376,1279,1320
3718,1368,1376,1320
3719,1271,1368,1320
3720,1314,1277,1304
3721,1334,1314,1304
3722,1294,1334,1304
3723,1277,1294,1304
3724,1346,1314,1338
3725,1377,1346,1338
3726,1334,1377,1338
3727,1314,1334,1338
3728,1334,1294,1324
3729,1352,1334,1324
3730,1300,1352,1324
3731,1294,1300,1324
3732,1377,1334,1364
3733,1389,1377,1364
3734,1352,1389,1364
3735,1334,1352,1364
3736,1368,1346,1374
3737,1401,1368,1374
3738,1377,1401,1374
3739,1346,1377,1374
3740,1376,1368,1387
3741,1415,1376,1387
3742,1401,1415,1387
3743,1368,1401,1387
3744,1401,1377,1395
3745,1422,1401,1395
3746,1389,1422,1395
3747,1377,1389,1395
3748,1415,1401,1418
3749,1434,1415,1418
3750,1422,1434,1418
